bird\000001.jpg 1 0 0 5 425
bird\000001.png 1 235 360 1220 765
bird\000002.jpg 1 378 164 418 368
bird\000004.jpg 1 1155 920 1930 1710
bird\000005.jpg 0
bird\000006.jpg 0
bird\000007.jpg 0
bird\000008.jpg 0
bird\000008.png 1 22 22 492 316
bird\000009.jpg 1 40 160 905 870
bird\000010.jpg 1 210 160 1215 1430
bird\000012.jpg 1 30 30 910 930
bird\000013.jpg 0
bird\000015.jpg 0
bird\000017.jpg 1 41 43 113 110
bird\000018.jpg 1 425 140 385 710
bird\000019.jpg 1 300 85 1025 940
bird\000020.jpg 1 885 75 695 775
bird\000021.jpg 1 185 180 380 775
bird\000022.jpg 0
bird\000024.jpg 1 50 22 172 133
bird\000025.jpg 1 400 75 1000 1135
bird\000026.jpg 1 234 107 240 104
bird\000027.jpg 1 138 18 531 620
bird\000028.jpg 0
bird\000029.jpg 1 4 235 414 247
bird\000030.jpg 1 795 300 2815 2100
bird\000031.jpg 1 620 355 1705 1090
